usecases/818993_seabirdCTD/orig/head/FK190211_CTD004_01032019.cnv
* Sea-Bird SBE 9 Data File:
* FileName = E:\2019 Cruise Data\FK190211\CTD\FK190211_CTD003_01032019.hex
* Software Version Seasave V 7.26.6.26
* Temperature SN = 5483
* Conductivity SN = 3916
* Number of Bytes Per Scan = 45
* Number of Voltage Words = 4
* Number of Scans Averaged by the Deck Unit = 1
* NMEA Latitude = 27 00.90 N
* NMEA Longitude = 111 24.65 W
* NMEA UTC (Time) = Mar 01 2019 05:03:11
* NMEA baud rate = 4800
** Ship: RV Falkor
** Station: CTD_003 (science event #03.002)
** Operator: VH, JF
** New configuration:
** - altimeter taken off, one "new, out of cal" DO #3280 on (V2) on AUX2, V3 is now free.
** - transmissometer now (V0) and "new, out of cal" DO #2331 on (V1) on AUX1
** Two USBL beacons attached: X2 and W2
# nquan = 40                                
# nvalues = 229422                      
# units = specified
# name 0 = scan: Scan Count
# name 1 = timeY: Time, System [seconds]
# name 2 = prDM: Pressure, Digiquartz [db]
# name 3 = t090C: Temperature [ITS-90, deg C]
# name 4 = t190C: Temperature, 2 [ITS-90, deg C]
# name 5 = c0S/m: Conductivity [S/m]
# name 6 = c1S/m: Conductivity, 2 [S/m]
# name 7 = v0: Voltage 0
# name 8 = v1: Voltage 1
# name 9 = v2: Voltage 2
# name 10 = v3: Voltage 3
# name 11 = v4: Voltage 4
# name 12 = v5: Voltage 5
# name 13 = sbeox0V: Oxygen raw, SBE 43 [V]
# name 14 = sbeox1V: Oxygen raw, SBE 43, 2 [V]
# name 15 = CStarAt0: Beam Attenuation, WET Labs C-Star [1/m]
# name 16 = CStarTr0: Beam Transmission, WET Labs C-Star [%]
# name 17 = flECO-AFL: Fluorescence, WET Labs ECO-AFL/FL [mg/m^3]
# name 18 = turbWETntu0: Turbidity, WET Labs ECO [NTU]
# name 19 = par: PAR/Irradiance, Biospherical/Licor
# name 20 = latitude: Latitude [deg]
# name 21 = longitude: Longitude [deg]
# name 22 = depSM: Depth [salt water, m], lat = 27.015
# name 23 = potemp090C: Potential Temperature [ITS-90, deg C]
# name 24 = potemp190C: Potential Temperature, 2 [ITS-90, deg C]
# name 25 = sal00: Salinity, Practical [PSU]
# name 26 = sal11: Salinity, Practical, 2 [PSU]
# name 27 = sigma-é00: Density [sigma-theta, kg/m^3]
# name 28 = sigma-é11: Density, 2 [sigma-theta, kg/m^3]
# name 29 = sbeox0Mg/L: Oxygen, SBE 43 [mg/l], WS = 2
# name 30 = sbeox0Mm/L: Oxygen, SBE 43 [umol/l], WS = 2
# name 31 = sbeox1Mg/L: Oxygen, SBE 43, 2 [mg/l], WS = 2
# name 32 = sbeox1Mm/L: Oxygen, SBE 43, 2 [umol/l], WS = 2
# name 33 = oxsolMg/L: Oxygen Saturation, Garcia & Gordon [mg/l]
# name 34 = oxsatMg/L: Oxygen Saturation, Weiss [mg/l]
# name 35 = dm: Dynamic Meters [10 J/kg]
# name 36 = sva: Specific Volume Anomaly [10^-8 * m^3/kg]
# name 37 = T2-T190C: Temperature Difference, 2 - 1 [ITS-90, deg C]
# name 38 = secS-priS: Salinity, Practical, Difference, 2 - 1 [PSU]
# name 39 = flag: flag
# span 0 =          1,     229422       
# span 1 = 1551416593, 1551426152       
# span 2 =      2.452,   1998.375       
# span 3 =     2.9390,    17.9148       
# span 4 =     2.9380,    17.9150       
# span 5 =   3.205388,   4.612928       
# span 6 =   3.205472,   4.613184       
# span 7 =     0.5031,     2.7314       
# span 8 =     4.3773,     4.6496       
# span 9 =     0.6642,     4.3248       
# span 10 =     0.0000,     0.0757      
# span 11 =     0.0623,     0.2808      
# span 12 =     0.0586,     0.9695      
# span 13 =     4.3996,     4.7028      
# span 14 =    -0.0078,     0.0722      
# span 15 =     2.1731,     8.9536      
# span 16 =    10.6629,    58.0842      
# span 17 =    -0.0300,     2.3741      
# span 18 =     0.0080,     4.5624      
# span 19 = 1.0000e-12, 1.0000e-12      
# span 20 =   27.01450,   27.01540      
# span 21 = -111.41196, -111.41032      
# span 22 =      2.436,   1975.793      
# span 23 =     2.7891,    17.9140      
# span 24 =     2.7881,    17.9145      
# span 25 =    34.4156,    35.2816      
# span 26 =    34.3696,    35.2883      
# span 27 =    25.4948,    28.0258      
# span 28 =    25.4957,    27.9422      
# span 29 =    11.6654,    23.9707      
# span 30 =    364.550,    749.095      
# span 31 =    -3.7609,    -1.6142      
# span 32 =   -117.529,    -50.445      
# span 33 =    7.67581,   10.65311      
# span 34 =    7.66448,   10.68503      
# span 35 =     0.0000,     2.1201      
# span 36 =     25.520,    248.746      
# span 37 =    -0.9801,     0.7184      
# span 38 =    -0.4224,     0.4692      
# span 39 = 0.0000e+00, 0.0000e+00      
# interval = seconds: 0.0416667
# start_time = Mar 01 2019 05:03:12 [NMEA time, first data scan]
# bad_flag = -9.990e-29
*END*
[from data line 291]
        292 1551416605     13.268    17.9061    17.9047   4.611968   4.612221     2.6996     4.4774     3.2808     0.0000     0.1978     0.0781     4.4774 -4.995e-07     2.2199    57.4086     1.4608     0.1057 1.0000e-12   27.01492 -111.41080     13.180    17.9038    17.9024    35.2653    35.2687    25.4990    25.5019    11.9910    374.724    -1.9916    -62.239    7.67710    7.66579     0.0007    247.788    -0.0014     0.0034 0.0000e+00
        293 1551416605     13.268    17.9061    17.9047   4.611990   4.612250     2.6996     4.4774     3.2589     0.0000     0.1978     0.0781     4.4774 -5.008e-07     2.2199    57.4086     1.4608     0.1057 1.0000e-12   27.01492 -111.41080     13.180    17.9038    17.9024    35.2655    35.2689    25.4991    25.5021    11.9912    374.732    -1.9916    -62.239    7.67709    7.66578     0.0007    247.775    -0.0014     0.0034 0.0000e+00
        294 1551416605     13.267    17.9061    17.9047   4.611990   4.612250     2.6996     4.4774     3.2357     0.0000     0.1978     0.0781     4.4774 -5.021e-07     2.2199    57.4086     1.4608     0.1057 1.0000e-12   27.01492 -111.41080     13.179    17.9038    17.9024    35.2655    35.2689    25.4991    25.5021    11.9920    374.756    -1.9916    -62.239    7.67709    7.66578     0.0007    247.775    -0.0014     0.0034 0.0000e+00
        295 1551416605     13.267    17.9061    17.9047   4.611990   4.612250     2.6996     4.4774     3.2149     0.0000     0.1978     0.0781     4.4774 -5.034e-07     2.2199    57.4086     1.4608     0.1057 1.0000e-12   27.01492 -111.41080     13.179    17.9038    17.9024    35.2655    35.2689    25.4991    25.5021    11.9927    374.778    -1.9916    -62.239    7.67709    7.66578     0.0007    247.775    -0.0014     0.0034 0.0000e+00
        296 1551416605     13.267    17.9061    17.9047   4.611990   4.612250     2.6996     4.4774     3.1978     0.0000     0.1978     0.0781     4.4774 -5.034e-07     2.2199    57.4086     1.4608     0.1057 1.0000e-12   27.01492 -111.41080     13.179    17.9038    17.9024    35.2655    35.2689    25.4991    25.5021    11.9934    374.798    -1.9916    -62.239    7.67709    7.66578     0.0007    247.775    -0.0014     0.0034 0.0000e+00
        297 1551416605     13.267    17.9061    17.9047   4.611968   4.612257     2.6996     4.4786     3.1819     0.0000     0.1978     0.0781     4.4786 -5.047e-07     2.2199    57.4086     1.4608     0.1057 1.0000e-12   27.01492 -111.41080     13.179    17.9038    17.9024    35.2653    35.2690    25.4990    25.5022    11.9976    374.930    -1.9916    -62.239    7.67710    7.66579     0.0007    247.788    -0.0014     0.0037 0.0000e+00
        298 1551416605     13.267    17.9061    17.9047   4.611968   4.612250     2.7009     4.4786     3.1563     0.0000     0.1978     0.0781     4.4786 -5.060e-07     2.2181    57.4346     1.4608     0.1057 1.0000e-12   27.01492 -111.41080     13.179    17.9038    17.9024    35.2653    35.2689    25.4990    25.5021    11.9981    374.947    -1.9916    -62.239    7.67710    7.66579     0.0007    247.788    -0.0014     0.0036 0.0000e+00
        299 1551416605     13.267    17.9061    17.9048   4.611975   4.612244     2.7009     4.4786     3.1233     0.0000     0.1978     0.0781     4.4786 -5.073e-07     2.2181    57.4346     1.4608     0.1057 1.0000e-12   27.01492 -111.41080     13.179    17.9038    17.9025    35.2654    35.2688    25.4990    25.5020    11.9986    374.961    -1.9916    -62.239    7.67709    7.66578     0.0007    247.784    -0.0013     0.0034 0.0000e+00
        300 1551416605     13.268    17.9061    17.9049   4.611990   4.612244     2.7009     4.4786     3.0891     0.0000     0.1978     0.0781     4.4786 -5.086e-07     2.2181    57.4346     1.4608     0.1057 1.0000e-12   27.01492 -111.41080     13.180    17.9038    17.9026    35.2655    35.2687    25.4991    25.5019    11.9990    374.974    -1.9916    -62.239    7.67709    7.66578     0.0007    247.775    -0.0012     0.0032 0.0000e+00
        301 1551416605     13.268    17.9061    17.9049   4.611990   4.612244     2.7009     4.4786     3.0611     0.0000     0.1978     0.0781     4.4786 -5.116e-07     2.2181    57.4346     1.4608     0.1057 1.0000e-12   27.01492 -111.41080     13.180    17.9038    17.9026    35.2655    35.2687    25.4991    25.5019    11.9994    374.985    -1.9916    -62.239    7.67709    7.66578     0.0007    247.775    -0.0012     0.0032 0.0000e+00
        302 1551416605     13.268    17.9061    17.9049   4.611990   4.612244     2.7009     4.4786     3.0366     0.0000     0.1978     0.0781     4.4786 -5.129e-07     2.2181    57.4346     1.4608     0.1057 1.0000e-12   27.01492 -111.41080     13.180    17.9038    17.9026    35.2655    35.2687    25.4991    25.5019    11.9994    374.986    -1.9916    -62.239    7.67709    7.66578     0.0007    247.775    -0.0012     0.0032 0.0000e+00
        303 1551416605     13.268    17.9061    17.9050   4.612035   4.612265     2.7009     4.4786     3.0208     0.0000     0.1978     0.0781     4.4786 -5.142e-07     2.2181    57.4346     1.4608     0.1057 1.0000e-12   27.01492 -111.41080     13.180    17.9038    17.9027    35.2659    35.2688    25.4994    25.5019    11.9993    374.984    -1.9916    -62.238    7.67707    7.66576     0.0007    247.746    -0.0011     0.0029 0.0000e+00
        304 1551416605     13.269    17.9069    17.9050   4.612098   4.612294     2.7009     4.4786     3.0061     0.0000     0.1978     0.0781     4.4786 -5.155e-07     2.2181    57.4346     1.4608     0.1057 1.0000e-12   27.01492 -111.41080     13.181    17.9046    17.9027    35.2657    35.2690    25.4991    25.5021    11.9991    374.976    -1.9916    -62.238    7.67696    7.66565     0.0007    247.776    -0.0019     0.0033 0.0000e+00
        305 1551416605     13.269    17.9076    17.9050   4.612115   4.612294     2.7009     4.4786     2.9866     0.0000     0.1978     0.0781     4.4786 -5.168e-07     2.2181    57.4346     1.4608     0.1057 1.0000e-12   27.01492 -111.41080     13.181    17.9053    17.9027    35.2653    35.2690    25.4986    25.5021    11.9991    374.977    -1.9916    -62.238    7.67688    7.66557     0.0007    247.826    -0.0026     0.0038 0.0000e+00
        306 1551416605     13.270    17.9082    17.9050   4.612139   4.612294     2.7009     4.4786     2.9658     0.0000     0.2039     0.0757     4.4786 -5.181e-07     2.2181    57.4346     1.5280     0.0935 1.0000e-12   27.01492 -111.41080     13.182    17.9059    17.9027    35.2649    35.2690    25.4982    25.5021    11.9991    374.976    -1.9916    -62.238    7.67681    7.66549     0.0007    247.863    -0.0032     0.0041 0.0000e+00
        307 1551416605     13.271    17.9082    17.9050   4.612236   4.612294     2.7009     4.4786     2.9499     0.0000     0.2076     0.0745     4.4786 -5.194e-07     2.2181    57.4346     1.5683     0.0874 1.0000e-12   27.01492 -111.41080     13.183    17.9059    17.9027    35.2658    35.2690    25.4988    25.5021    11.9990    374.975    -1.9916    -62.238    7.67677    7.66546     0.0007    247.803    -0.0032     0.0033 0.0000e+00
        308 1551416605     13.272    17.9085    17.9050   4.612236   4.612294     2.7009     4.4786     2.9377     0.0000     0.2076     0.0745     4.4786 -5.207e-07     2.2181    57.4346     1.5683     0.0874 1.0000e-12   27.01492 -111.41080     13.184    17.9062    17.9027    35.2655    35.2690    25.4986    25.5021    11.9993    374.982    -1.9916    -62.238    7.67674    7.66542     0.0007    247.829    -0.0035     0.0035 0.0000e+00
        309 1551416605     13.273    17.9086    17.9051   4.612245   4.612295     2.7009     4.4786     2.9267     0.0000     0.2076     0.0745     4.4786 -5.220e-07     2.2181    57.4346     1.5683     0.0874 1.0000e-12   27.01492 -111.41080     13.185    17.9063    17.9028    35.2655    35.2690    25.4985    25.5021    11.9995    374.988    -1.9916    -62.238    7.67672    7.66541     0.0007    247.832    -0.0035     0.0035 0.0000e+00
        310 1551416605     13.275    17.9086    17.9051   4.612245   4.612295     2.7009     4.4786     2.9133     0.0000     0.2076     0.0745     4.4786 -5.233e-07     2.2181    57.4346     1.5683     0.0874 1.0000e-12   27.01492 -111.41080     13.187    17.9063    17.9028    35.2655    35.2690    25.4985    25.5021    11.9996    374.994    -1.9916    -62.238    7.67672    7.66541     0.0007    247.832    -0.0035     0.0035 0.0000e+00
        311 1551416606     13.276    17.9086    17.9052   4.612245   4.612288     2.7009     4.4786     2.9048     0.0000     0.2076     0.0745     4.4786 -5.246e-07     2.2181    57.4346     1.5683     0.0874 1.0000e-12   27.01492 -111.41080     13.188    17.9063    17.9029    35.2655    35.2688    25.4985    25.5019    11.9998    374.998    -1.9916    -62.238    7.67672    7.66541     0.0007    247.832    -0.0034     0.0033 0.0000e+00
        312 1551416606     13.276    17.9086    17.9052   4.612237   4.612288     2.7009     4.4786     2.8962     0.0000     0.2076     0.0745     4.4786 -5.259e-07     2.2181    57.4346     1.5683     0.0874 1.0000e-12   27.01492 -111.41080     13.188    17.9063    17.9029    35.2654    35.2688    25.4985    25.5019    11.9996    374.991    -1.9916    -62.238    7.67673    7.66541     0.0007    247.837    -0.0034     0.0034 0.0000e+00
        313 1551416606     13.278    17.9086    17.9052   4.612237   4.612288     2.7009     4.4786     2.8803     0.0000     0.2076     0.0745     4.4786 -5.272e-07     2.2181    57.4346     1.5683     0.0874 1.0000e-12   27.01492 -111.41080     13.190    17.9063    17.9029    35.2654    35.2688    25.4985    25.5019    11.9970    374.912    -1.9916    -62.238    7.67673    7.66541     0.0007    247.837    -0.0034     0.0034 0.0000e+00
        314 1551416606     13.280    17.9086    17.9052   4.612207   4.612295     2.7021     4.4786     2.8669     0.0000     0.2076     0.0745     4.4786 -5.284e-07     2.2163    57.4605     1.5683     0.0874 1.0000e-12   27.01492 -111.41080     13.192    17.9063    17.9029    35.2652    35.2689    25.4983    25.5020    11.9928    374.782    -1.9916    -62.238    7.67674    7.66543     0.0007    247.856    -0.0034     0.0037 0.0000e+00
        315 1551416606     13.281    17.9080    17.9053   4.612190   4.612295     2.7021     4.4786     2.8596     0.0000     0.2076     0.0745     4.4786 -5.297e-07     2.2163    57.4605     1.5683     0.0874 1.0000e-12   27.01492 -111.41080     13.193    17.9057    17.9030    35.2655    35.2688    25.4987    25.5019    11.9892    374.667    -1.9916    -62.238    7.67681    7.66550     0.0007    247.815    -0.0027     0.0032 0.0000e+00
        316 1551416606     13.283    17.9078    17.9053   4.612130   4.612324     2.7021     4.4786     2.8547     0.0000     0.2076     0.0745     4.4786 -5.310e-07     2.2163    57.4605     1.5683     0.0874 1.0000e-12   27.01492 -111.41080     13.195    17.9055    17.9030    35.2652    35.2690    25.4985    25.5021    11.9856    374.554    -1.9916    -62.238    7.67685    7.66554     0.0007    247.835    -0.0025     0.0038 0.0000e+00
        317 1551416606     13.284    17.9075    17.9056   4.612076   4.612382     2.7033     4.4799     2.8437     0.0000     0.2076     0.0745     4.4799 -5.323e-07     2.2145    57.4865     1.5683     0.0874 1.0000e-12   27.01492 -111.41080     13.196    17.9052    17.9033    35.2650    35.2693    25.4984    25.5022    11.9860    374.567    -1.9916    -62.238    7.67691    7.66559     0.0007    247.843    -0.0019     0.0043 0.0000e+00
        318 1551416606     13.285    17.9069    17.9056   4.612007   4.612469     2.7033     4.4823     2.8315     0.0000     0.2076     0.0745     4.4823 -5.336e-07     2.2145    57.4865     1.5683     0.0874 1.0000e-12   27.01492 -111.41080     13.197    17.9046    17.9033    35.2649    35.2700    25.4985    25.5027    11.9899    374.689    -1.9916    -62.237    7.67700    7.66569     0.0007    247.834    -0.0013     0.0051 0.0000e+00
        319 1551416606     13.286    17.9063    17.9063   4.611954   4.612478     2.7033     4.4823     2.8254     0.0000     0.2076     0.0745     4.4823 -5.349e-07     2.2145    57.4865     1.5683     0.0874 1.0000e-12   27.01492 -111.41080     13.198    17.9040    17.9040    35.2650    35.2695    25.4987    25.5022    11.9867    374.590    -1.9915    -62.237    7.67708    7.66577     0.0007    247.815     0.0000     0.0045 0.0000e+00
        320 1551416606     13.288    17.9061    17.9066   4.611953   4.612515     2.7033     4.4823     2.8168     0.0000     0.2076     0.0745     4.4823 -5.362e-07     2.2145    57.4865     1.5683     0.0874 1.0000e-12   27.01492 -111.41080     13.200    17.9038    17.9043    35.2652    35.2695    25.4989    25.5021    11.9835    374.491    -1.9915    -62.236    7.67710    7.66579     0.0007    247.799     0.0005     0.0044 0.0000e+00
        321 1551416606     13.291    17.9059    17.9069   4.611952   4.612516     2.7033     4.4823     2.8168     0.0000     0.2076     0.0745     4.4823 -5.375e-07     2.2145    57.4865     1.5683     0.0874 1.0000e-12   27.01492 -111.41080     13.203    17.9036    17.9046    35.2653    35.2693    25.4991    25.5019    11.9805    374.396    -1.9915    -62.236    7.67713    7.66581     0.0008    247.782     0.0010     0.0040 0.0000e+00
        322 1551416606     13.295    17.9059    17.9069   4.611952   4.612516     2.7033     4.4823     2.8168     0.0000     0.2076     0.0745     4.4823 -5.388e-07     2.2145    57.4865     1.5683     0.0874 1.0000e-12   27.01492 -111.41080     13.207    17.9036    17.9046    35.2653    35.2693    25.4991    25.5019    11.9778    374.312    -1.9915    -62.236    7.67713    7.66581     0.0008    247.783     0.0010     0.0040 0.0000e+00
        323 1551416606     13.298    17.9058    17.9069   4.611952   4.612516     2.7033     4.4823     2.8168     0.0000     0.2076     0.0745     4.4823 -5.401e-07     2.2145    57.4865     1.5683     0.0874 1.0000e-12   27.01492 -111.41080     13.210    17.9035    17.9046    35.2654    35.2693    25.4992    25.5019    11.9753    374.234    -1.9915    -62.236    7.67714    7.66583     0.0008    247.774     0.0011     0.0039 0.0000e+00
        324 1551416606     13.302    17.9058    17.9069   4.611952   4.612516     2.7033     4.4823     2.8168     0.0000     0.2076     0.0745     4.4823 -5.414e-07     2.2145    57.4865     1.5683     0.0874 1.0000e-12   27.01492 -111.41080     13.214    17.9035    17.9046    35.2654    35.2693    25.4992    25.5019    11.9729    374.158    -1.9915    -62.236    7.67714    7.66583     0.0008    247.774     0.0011     0.0039 0.0000e+00
        325 1551416606     13.305    17.9058    17.9069   4.611974   4.612444     2.7033     4.4823     2.8254     0.0000     0.2076     0.0745     4.4823 -5.427e-07     2.2145    57.4865     1.5683     0.0874 1.0000e-12   27.01492 -111.41080     13.217    17.9035    17.9046    35.2656    35.2687    25.4993    25.5014    11.9706    374.087    -1.9915    -62.236    7.67713    7.66582     0.0008    247.761     0.0011     0.0031 0.0000e+00
        326 1551416606     13.307    17.9058    17.9066   4.611989   4.612436     2.7033     4.4811     2.8254     0.0000     0.2076     0.0745     4.4811 -5.440e-07     2.2145    57.4865     1.5683     0.0874 1.0000e-12   27.01492 -111.41080     13.219    17.9035    17.9043    35.2657    35.2689    25.4994    25.5016    11.9648    373.907    -1.9915    -62.237    7.67712    7.66581     0.0008    247.752     0.0008     0.0031 0.0000e+00
