usecases/818993_seabirdCTD/orig/head/FK190211_CTD004_01032019.cnv
* Sea-Bird SBE 9 Data File:
* FileName = E:\2019 Cruise Data\FK190211\CTD\FK190211_CTD003_01032019.hex
* Software Version Seasave V 7.26.6.26
* Temperature SN = 5483
* Conductivity SN = 3916
* Number of Bytes Per Scan = 45
* Number of Voltage Words = 4
* Number of Scans Averaged by the Deck Unit = 1
* NMEA Latitude = 27 00.90 N
* NMEA Longitude = 111 24.65 W
* NMEA UTC (Time) = Mar 01 2019 05:03:11
* NMEA baud rate = 4800
** Ship: RV Falkor
** Station: CTD_003 (science event #03.002)
** Operator: VH, JF
** New configuration:
** - altimeter taken off, one "new, out of cal" DO #3280 on (V2) on AUX2, V3 is now free.
** - transmissometer now (V0) and "new, out of cal" DO #2331 on (V1) on AUX1
** Two USBL beacons attached: X2 and W2
# nquan = 40                                
# nvalues = 229422                      
# units = specified
# name 0 = scan: Scan Count
# name 1 = timeY: Time, System [seconds]
# name 2 = prDM: Pressure, Digiquartz [db]
# name 3 = t090C: Temperature [ITS-90, deg C]
# name 4 = t190C: Temperature, 2 [ITS-90, deg C]
# name 5 = c0S/m: Conductivity [S/m]
# name 6 = c1S/m: Conductivity, 2 [S/m]
# name 7 = v0: Voltage 0
# name 8 = v1: Voltage 1
# name 9 = v2: Voltage 2
# name 10 = v3: Voltage 3
# name 11 = v4: Voltage 4
# name 12 = v5: Voltage 5
# name 13 = sbeox0V: Oxygen raw, SBE 43 [V]
# name 14 = sbeox1V: Oxygen raw, SBE 43, 2 [V]
# name 15 = CStarAt0: Beam Attenuation, WET Labs C-Star [1/m]
# name 16 = CStarTr0: Beam Transmission, WET Labs C-Star [%]
# name 17 = flECO-AFL: Fluorescence, WET Labs ECO-AFL/FL [mg/m^3]
# name 18 = turbWETntu0: Turbidity, WET Labs ECO [NTU]
# name 19 = par: PAR/Irradiance, Biospherical/Licor
# name 20 = latitude: Latitude [deg]
# name 21 = longitude: Longitude [deg]
# name 22 = depSM: Depth [salt water, m], lat = 27.015
# name 23 = potemp090C: Potential Temperature [ITS-90, deg C]
# name 24 = potemp190C: Potential Temperature, 2 [ITS-90, deg C]
# name 25 = sal00: Salinity, Practical [PSU]
# name 26 = sal11: Salinity, Practical, 2 [PSU]
# name 27 = sigma-é00: Density [sigma-theta, kg/m^3]
# name 28 = sigma-é11: Density, 2 [sigma-theta, kg/m^3]
# name 29 = sbeox0Mg/L: Oxygen, SBE 43 [mg/l], WS = 2
# name 30 = sbeox0Mm/L: Oxygen, SBE 43 [umol/l], WS = 2
# name 31 = sbeox1Mg/L: Oxygen, SBE 43, 2 [mg/l], WS = 2
# name 32 = sbeox1Mm/L: Oxygen, SBE 43, 2 [umol/l], WS = 2
# name 33 = oxsolMg/L: Oxygen Saturation, Garcia & Gordon [mg/l]
# name 34 = oxsatMg/L: Oxygen Saturation, Weiss [mg/l]
# name 35 = dm: Dynamic Meters [10 J/kg]
# name 36 = sva: Specific Volume Anomaly [10^-8 * m^3/kg]
# name 37 = T2-T190C: Temperature Difference, 2 - 1 [ITS-90, deg C]
# name 38 = secS-priS: Salinity, Practical, Difference, 2 - 1 [PSU]
# name 39 = flag: flag
# span 0 =          1,     229422       
# span 1 = 1551416593, 1551426152       
# span 2 =      2.452,   1998.375       
# span 3 =     2.9390,    17.9148       
# span 4 =     2.9380,    17.9150       
# span 5 =   3.205388,   4.612928       
# span 6 =   3.205472,   4.613184       
# span 7 =     0.5031,     2.7314       
# span 8 =     4.3773,     4.6496       
# span 9 =     0.6642,     4.3248       
# span 10 =     0.0000,     0.0757      
# span 11 =     0.0623,     0.2808      
# span 12 =     0.0586,     0.9695      
# span 13 =     4.3996,     4.7028      
# span 14 =    -0.0078,     0.0722      
# span 15 =     2.1731,     8.9536      
# span 16 =    10.6629,    58.0842      
# span 17 =    -0.0300,     2.3741      
# span 18 =     0.0080,     4.5624      
# span 19 = 1.0000e-12, 1.0000e-12      
# span 20 =   27.01450,   27.01540      
# span 21 = -111.41196, -111.41032      
# span 22 =      2.436,   1975.793      
# span 23 =     2.7891,    17.9140      
# span 24 =     2.7881,    17.9145      
# span 25 =    34.4156,    35.2816      
# span 26 =    34.3696,    35.2883      
# span 27 =    25.4948,    28.0258      
# span 28 =    25.4957,    27.9422      
# span 29 =    11.6654,    23.9707      
# span 30 =    364.550,    749.095      
# span 31 =    -3.7609,    -1.6142      
# span 32 =   -117.529,    -50.445      
# span 33 =    7.67581,   10.65311      
# span 34 =    7.66448,   10.68503      
# span 35 =     0.0000,     2.1201      
# span 36 =     25.520,    248.746      
# span 37 =    -0.9801,     0.7184      
# span 38 =    -0.4224,     0.4692      
# span 39 = 0.0000e+00, 0.0000e+00      
# interval = seconds: 0.0416667
# start_time = Mar 01 2019 05:03:12 [NMEA time, first data scan]
# bad_flag = -9.990e-29
*END*
[from data line 218]
        219 1551416602     13.358    17.9066    17.9052   4.611968   4.612329     2.7009     4.4835     2.9536     0.0000     0.2027     0.0855     4.4835 -4.052e-07     2.2181    57.4346     1.5145     0.1424 1.0000e-12   27.01492 -111.41080     13.270    17.9043    17.9029    35.2648    35.2691    25.4985    25.5022    12.0267    375.839    -1.9916    -62.239    7.67705    7.66573     0.0007    247.837    -0.0014     0.0043 0.0000e+00
        220 1551416602     13.359    17.9063    17.9054   4.611863   4.612343     2.7009     4.4847     2.9756     0.0000     0.2027     0.0855     4.4847 -4.065e-07     2.2181    57.4346     1.5145     0.1424 1.0000e-12   27.01492 -111.41080     13.271    17.9040    17.9031    35.2642    35.2691    25.4981    25.5021    12.0299    375.941    -1.9916    -62.238    7.67712    7.66581     0.0007    247.877    -0.0009     0.0049 0.0000e+00
        221 1551416602     13.360    17.9056    17.9054   4.611861   4.612343     2.7009     4.4847     3.0269     0.0000     0.2027     0.0855     4.4847 -4.078e-07     2.2181    57.4346     1.5145     0.1424 1.0000e-12   27.01492 -111.41080     13.272    17.9033    17.9031    35.2648    35.2691    25.4987    25.5021    12.0290    375.911    -1.9916    -62.238    7.67719    7.66588     0.0007    247.817    -0.0002     0.0043 0.0000e+00
        222 1551416602     13.360    17.9054    17.9054   4.611852   4.612343     2.7009     4.4847     3.0769     0.0000     0.2027     0.0855     4.4847 -4.091e-07     2.2181    57.4346     1.5145     0.1424 1.0000e-12   27.01492 -111.41080     13.272    17.9031    17.9031    35.2649    35.2691    25.4988    25.5021    12.0276    375.867    -1.9916    -62.238    7.67722    7.66591     0.0007    247.806     0.0000     0.0042 0.0000e+00
        223 1551416602     13.360    17.9054    17.9054   4.611845   4.612343     2.7009     4.4835     3.0769     0.0000     0.2027     0.0855     4.4835 -4.104e-07     2.2181    57.4346     1.5145     0.1424 1.0000e-12   27.01492 -111.41080     13.272    17.9031    17.9031    35.2648    35.2691    25.4988    25.5021    12.0225    375.708    -1.9916    -62.238    7.67722    7.66591     0.0007    247.810     0.0000     0.0043 0.0000e+00
        224 1551416602     13.360    17.9053    17.9054   4.611845   4.612343     2.7009     4.4847     3.0769     0.0000     0.2027     0.0855     4.4847 -4.117e-07     2.2181    57.4346     1.5145     0.1424 1.0000e-12   27.01492 -111.41080     13.272    17.9030    17.9031    35.2649    35.2691    25.4989    25.5021    12.0246    375.773    -1.9916    -62.238    7.67723    7.66592     0.0007    247.802     0.0001     0.0042 0.0000e+00
        225 1551416602     13.360    17.9053    17.9054   4.611837   4.612343     2.7009     4.4847     3.0769     0.0000     0.2027     0.0855     4.4847 -4.129e-07     2.2181    57.4346     1.5145     0.1424 1.0000e-12   27.01492 -111.41080     13.272    17.9030    17.9031    35.2648    35.2691    25.4988    25.5021    12.0230    375.723    -1.9916    -62.238    7.67724    7.66592     0.0007    247.807     0.0001     0.0043 0.0000e+00
        226 1551416602     13.361    17.9049    17.9054   4.611806   4.612343     2.7009     4.4847     3.0769     0.0000     0.2027     0.0855     4.4847 -4.142e-07     2.2181    57.4346     1.5145     0.1424 1.0000e-12   27.01492 -111.41080     13.273    17.9026    17.9031    35.2649    35.2691    25.4990    25.5021    12.0214    375.673    -1.9916    -62.239    7.67729    7.66598     0.0007    247.791     0.0005     0.0042 0.0000e+00
        227 1551416602     13.361    17.9044    17.9054   4.611798   4.612343     2.7021     4.4847     3.0684     0.0000     0.2027     0.0855     4.4847 -4.155e-07     2.2163    57.4605     1.5145     0.1424 1.0000e-12   27.01492 -111.41080     13.273    17.9021    17.9031    35.2653    35.2691    25.4994    25.5021    12.0197    375.622    -1.9916    -62.239    7.67735    7.66604     0.0007    247.753     0.0010     0.0038 0.0000e+00
        228 1551416602     13.361    17.9043    17.9054   4.611774   4.612315     2.7021     4.4847     3.0549     0.0000     0.2015     0.0855     4.4847 -4.168e-07     2.2163    57.4605     1.5011     0.1424 1.0000e-12   27.01492 -111.41080     13.273    17.9020    17.9031    35.2652    35.2688    25.4993    25.5019    12.0180    375.567    -1.9916    -62.239    7.67737    7.66606     0.0007    247.759     0.0011     0.0037 0.0000e+00
        229 1551416602     13.361    17.9043    17.9054   4.611774   4.612293     2.7021     4.4835     3.0537     0.0000     0.2015     0.0830     4.4835 -4.181e-07     2.2163    57.4605     1.5011     0.1301 1.0000e-12   27.01492 -111.41080     13.273    17.9020    17.9031    35.2652    35.2687    25.4993    25.5017    12.0125    375.396    -1.9916    -62.239    7.67737    7.66606     0.0007    247.759     0.0011     0.0035 0.0000e+00
        230 1551416602     13.361    17.9043    17.9054   4.611767   4.612271     2.7033     4.4835     3.0501     0.0000     0.2015     0.0781     4.4835 -4.194e-07     2.2145    57.4865     1.5011     0.1057 1.0000e-12   27.01492 -111.41080     13.273    17.9020    17.9031    35.2651    35.2685    25.4993    25.5016    12.0106    375.337    -1.9916    -62.239    7.67737    7.66606     0.0007    247.764     0.0011     0.0034 0.0000e+00
        231 1551416602     13.361    17.9043    17.9052   4.611746   4.612264     2.7033     4.4835     3.0427     0.0000     0.2015     0.0769     4.4835 -4.207e-07     2.2145    57.4865     1.5011     0.0996 1.0000e-12   27.01492 -111.41080     13.273    17.9020    17.9029    35.2649    35.2686    25.4992    25.5017    12.0087    375.276    -1.9916    -62.239    7.67738    7.66607     0.0007    247.777     0.0009     0.0037 0.0000e+00
        232 1551416602     13.361    17.9043    17.9049   4.611731   4.612249     2.7033     4.4835     3.0354     0.0000     0.2015     0.0769     4.4835 -4.220e-07     2.2145    57.4865     1.5011     0.0996 1.0000e-12   27.01492 -111.41080     13.273    17.9020    17.9026    35.2648    35.2687    25.4991    25.5019    12.0064    375.204    -1.9916    -62.239    7.67738    7.66607     0.0007    247.786     0.0006     0.0039 0.0000e+00
        233 1551416602     13.361    17.9043    17.9048   4.611731   4.612163     2.7045     4.4835     3.0317     0.0000     0.2015     0.0769     4.4835 -4.233e-07     2.2127    57.5125     1.5011     0.0996 1.0000e-12   27.01492 -111.41080     13.273    17.9020    17.9025    35.2648    35.2681    25.4991    25.5014    12.0037    375.121    -1.9916    -62.240    7.67738    7.66607     0.0007    247.786     0.0005     0.0033 0.0000e+00
        234 1551416602     13.361    17.9043    17.9044   4.611723   4.612153     2.7045     4.4835     3.0317     0.0000     0.2015     0.0769     4.4835 -4.246e-07     2.2127    57.5125     1.5011     0.0996 1.0000e-12   27.01492 -111.41080     13.273    17.9020    17.9021    35.2647    35.2683    25.4990    25.5017    12.0010    375.038    -1.9917    -62.240    7.67739    7.66608     0.0007    247.791     0.0001     0.0036 0.0000e+00
        235 1551416602     13.361    17.9043    17.9042   4.611708   4.612139     2.7045     4.4835     3.0293     0.0000     0.2015     0.0769     4.4835 -4.258e-07     2.2127    57.5125     1.5011     0.0996 1.0000e-12   27.01492 -111.41080     13.273    17.9020    17.9019    35.2646    35.2684    25.4989    25.5018    11.9983    374.953    -1.9917    -62.240    7.67739    7.66608     0.0007    247.801    -0.0001     0.0038 0.0000e+00
        236 1551416602     13.361    17.9041    17.9038   4.611707   4.612095     2.7045     4.4811     3.0244     0.0000     0.2015     0.0769     4.4811 -4.271e-07     2.2127    57.5125     1.5011     0.0996 1.0000e-12   27.01492 -111.41080     13.273    17.9018    17.9015    35.2648    35.2683    25.4991    25.5019    11.9884    374.643    -1.9917    -62.241    7.67741    7.66610     0.0007    247.784    -0.0003     0.0036 0.0000e+00
        237 1551416602     13.361    17.9039    17.9035   4.611707   4.611849     2.7045     4.4799     3.0195     0.0000     0.2015     0.0769     4.4799 -4.284e-07     2.2127    57.5125     1.5011     0.0996 1.0000e-12   27.01492 -111.41080     13.273    17.9016    17.9012    35.2649    35.2665    25.4993    25.5006    11.9821    374.445    -1.9917    -62.242    7.67743    7.66613     0.0007    247.767    -0.0004     0.0016 0.0000e+00
        238 1551416602     13.361    17.9039    17.9032   4.611707   4.611812     2.7045     4.4786     3.0195     0.0000     0.2015     0.0769     4.4786 -4.297e-07     2.2127    57.5125     1.5011     0.0996 1.0000e-12   27.01492 -111.41080     13.273    17.9016    17.9009    35.2649    35.2664    25.4993    25.5006    11.9753    374.235    -1.9917    -62.242    7.67743    7.66613     0.0007    247.767    -0.0007     0.0015 0.0000e+00
        239 1551416603     13.361    17.9039    17.9027   4.611707   4.611811     2.7045     4.4786     3.0171     0.0000     0.2015     0.0769     4.4786 -4.310e-07     2.2127    57.5125     1.5011     0.0996 1.0000e-12   27.01492 -111.41080     13.273    17.9016    17.9004    35.2649    35.2669    25.4993    25.5010    11.9725    374.145    -1.9917    -62.243    7.67743    7.66613     0.0007    247.767    -0.0012     0.0019 0.0000e+00
        240 1551416603     13.360    17.9039    17.9025   4.611730   4.611810     2.7045     4.4786     3.0110     0.0000     0.2015     0.0769     4.4786 -4.323e-07     2.2127    57.5125     1.5011     0.0996 1.0000e-12   27.01492 -111.41080     13.272    17.9016    17.9002    35.2651    35.2670    25.4994    25.5012    11.9699    374.064    -1.9917    -62.243    7.67743    7.66612     0.0007    247.752    -0.0014     0.0019 0.0000e+00
        241 1551416603     13.360    17.9039    17.9025   4.611789   4.611810     2.7045     4.4786     3.0110     0.0000     0.2015     0.0769     4.4786 -4.336e-07     2.2127    57.5125     1.5011     0.0996 1.0000e-12   27.01492 -111.41080     13.272    17.9016    17.9002    35.2656    35.2670    25.4998    25.5012    11.9690    374.038    -1.9917    -62.243    7.67740    7.66609     0.0007    247.715    -0.0014     0.0014 0.0000e+00
        242 1551416603     13.360    17.9048    17.9023   4.611800   4.611846     2.7045     4.4786     3.0110     0.0000     0.2015     0.0769     4.4786 -4.349e-07     2.2127    57.5125     1.5011     0.0996 1.0000e-12   27.01492 -111.41080     13.272    17.9025    17.9000    35.2649    35.2675    25.4991    25.5016    11.9687    374.027    -1.9917    -62.243    7.67730    7.66599     0.0007    247.786    -0.0025     0.0026 0.0000e+00
        243 1551416603     13.360    17.9048    17.9023   4.611822   4.611853     2.7045     4.4786     3.0110     0.0000     0.2015     0.0769     4.4786 -4.362e-07     2.2127    57.5125     1.5011     0.0996 1.0000e-12   27.01492 -111.41080     13.272    17.9025    17.9000    35.2651    35.2676    25.4992    25.5017    11.9686    374.023    -1.9917    -62.243    7.67729    7.66598     0.0007    247.773    -0.0025     0.0024 0.0000e+00
        244 1551416603     13.359    17.9048    17.9023   4.611830   4.611933     2.7045     4.4786     3.0110     0.0000     0.2015     0.0769     4.4786 -4.375e-07     2.2127    57.5125     1.5011     0.0996 1.0000e-12   27.01492 -111.41080     13.271    17.9025    17.9000    35.2652    35.2682    25.4992    25.5022    11.9685    374.022    -1.9917    -62.243    7.67729    7.66598     0.0007    247.768    -0.0025     0.0030 0.0000e+00
        245 1551416603     13.359    17.9048    17.9022   4.611830   4.611932     2.7045     4.4786     3.0061     0.0000     0.2015     0.0769     4.4786 -4.387e-07     2.2127    57.5125     1.5011     0.0996 1.0000e-12   27.01492 -111.41080     13.271    17.9025    17.8999    35.2652    35.2683    25.4992    25.5023    11.9689    374.032    -1.9917    -62.243    7.67729    7.66598     0.0007    247.768    -0.0026     0.0031 0.0000e+00
        246 1551416603     13.358    17.9048    17.9022   4.611830   4.611932     2.7045     4.4786     3.0061     0.0000     0.2015     0.0769     4.4786 -4.400e-07     2.2127    57.5125     1.5011     0.0996 1.0000e-12   27.01492 -111.41080     13.270    17.9025    17.8999    35.2652    35.2683    25.4992    25.5023    11.9693    374.045    -1.9917    -62.243    7.67729    7.66598     0.0007    247.768    -0.0026     0.0031 0.0000e+00
        247 1551416603     13.357    17.9048    17.9022   4.611830   4.611933     2.7045     4.4786     3.0061     0.0000     0.2015     0.0769     4.4786 -4.413e-07     2.2127    57.5125     1.5011     0.0996 1.0000e-12   27.01492 -111.41080     13.269    17.9025    17.8999    35.2652    35.2683    25.4992    25.5023    11.9697    374.060    -1.9917    -62.243    7.67729    7.66598     0.0007    247.767    -0.0026     0.0031 0.0000e+00
        248 1551416603     13.356    17.9048    17.9022   4.611830   4.611940     2.7045     4.4786     3.0061     0.0000     0.2015     0.0769     4.4786 -4.426e-07     2.2127    57.5125     1.5011     0.0996 1.0000e-12   27.01492 -111.41080     13.268    17.9025    17.8999    35.2652    35.2684    25.4992    25.5023    11.9700    374.068    -1.9917    -62.243    7.67729    7.66598     0.0007    247.767    -0.0026     0.0032 0.0000e+00
        249 1551416603     13.354    17.9048    17.9022   4.611822   4.611940     2.7045     4.4786     3.0037     0.0000     0.2015     0.0769     4.4786 -4.439e-07     2.2127    57.5125     1.5011     0.0996 1.0000e-12   27.01492 -111.41080     13.266    17.9025    17.8999    35.2651    35.2684    25.4992    25.5023    11.9707    374.089    -1.9917    -62.243    7.67729    7.66598     0.0007    247.772    -0.0026     0.0033 0.0000e+00
        250 1551416603     13.352    17.9048    17.9022   4.611815   4.611940     2.7045     4.4786     2.9915     0.0000     0.2015     0.0769     4.4786 -4.452e-07     2.2127    57.5125     1.5011     0.0996 1.0000e-12   27.01492 -111.41080     13.264    17.9025    17.8999    35.2651    35.2684    25.4992    25.5023    11.9714    374.111    -1.9917    -62.243    7.67730    7.66599     0.0007    247.777    -0.0026     0.0033 0.0000e+00
        251 1551416603     13.349    17.9048    17.9022   4.611815   4.611961     2.7045     4.4786     2.9915     0.0000     0.2015     0.0769     4.4786 -4.465e-07     2.2127    57.5125     1.5011     0.0996 1.0000e-12   27.01492 -111.41080     13.261    17.9025    17.8999    35.2651    35.2686    25.4992    25.5025    11.9722    374.136    -1.9917    -62.242    7.67730    7.66599     0.0007    247.776    -0.0026     0.0035 0.0000e+00
        252 1551416603     13.345    17.9048    17.9023   4.611815   4.611976     2.7045     4.4786     2.9915     0.0000     0.2015     0.0769     4.4786 -4.478e-07     2.2127    57.5125     1.5011     0.0996 1.0000e-12   27.01492 -111.41080     13.257    17.9025    17.9000    35.2651    35.2686    25.4992    25.5025    11.9731    374.164    -1.9917    -62.242    7.67730    7.66599     0.0007    247.776    -0.0025     0.0035 0.0000e+00
        253 1551416603     13.340    17.9048    17.9025   4.611815   4.612077     2.7045     4.4786     2.9915     0.0000     0.2015     0.0769     4.4786 -4.491e-07     2.2127    57.5125     1.5011     0.0996 1.0000e-12   27.01492 -111.41080     13.252    17.9025    17.9002    35.2651    35.2693    25.4992    25.5030    11.9741    374.194    -1.9917    -62.242    7.67730    7.66599     0.0007    247.776    -0.0023     0.0042 0.0000e+00
