usecases/818993_seabirdCTD/orig/head/FK190211_CTD004_01032019.cnv
* Sea-Bird SBE 9 Data File:
* FileName = E:\2019 Cruise Data\FK190211\CTD\FK190211_CTD003_01032019.hex
* Software Version Seasave V 7.26.6.26
* Temperature SN = 5483
* Conductivity SN = 3916
* Number of Bytes Per Scan = 45
* Number of Voltage Words = 4
* Number of Scans Averaged by the Deck Unit = 1
* NMEA Latitude = 27 00.90 N
* NMEA Longitude = 111 24.65 W
* NMEA UTC (Time) = Mar 01 2019 05:03:11
* NMEA baud rate = 4800
** Ship: RV Falkor
** Station: CTD_003 (science event #03.002)
** Operator: VH, JF
** New configuration:
** - altimeter taken off, one "new, out of cal" DO #3280 on (V2) on AUX2, V3 is now free.
** - transmissometer now (V0) and "new, out of cal" DO #2331 on (V1) on AUX1
** Two USBL beacons attached: X2 and W2
# nquan = 40                                
# nvalues = 229422                      
# units = specified
# name 0 = scan: Scan Count
# name 1 = timeY: Time, System [seconds]
# name 2 = prDM: Pressure, Digiquartz [db]
# name 3 = t090C: Temperature [ITS-90, deg C]
# name 4 = t190C: Temperature, 2 [ITS-90, deg C]
# name 5 = c0S/m: Conductivity [S/m]
# name 6 = c1S/m: Conductivity, 2 [S/m]
# name 7 = v0: Voltage 0
# name 8 = v1: Voltage 1
# name 9 = v2: Voltage 2
# name 10 = v3: Voltage 3
# name 11 = v4: Voltage 4
# name 12 = v5: Voltage 5
# name 13 = sbeox0V: Oxygen raw, SBE 43 [V]
# name 14 = sbeox1V: Oxygen raw, SBE 43, 2 [V]
# name 15 = CStarAt0: Beam Attenuation, WET Labs C-Star [1/m]
# name 16 = CStarTr0: Beam Transmission, WET Labs C-Star [%]
# name 17 = flECO-AFL: Fluorescence, WET Labs ECO-AFL/FL [mg/m^3]
# name 18 = turbWETntu0: Turbidity, WET Labs ECO [NTU]
# name 19 = par: PAR/Irradiance, Biospherical/Licor
# name 20 = latitude: Latitude [deg]
# name 21 = longitude: Longitude [deg]
# name 22 = depSM: Depth [salt water, m], lat = 27.015
# name 23 = potemp090C: Potential Temperature [ITS-90, deg C]
# name 24 = potemp190C: Potential Temperature, 2 [ITS-90, deg C]
# name 25 = sal00: Salinity, Practical [PSU]
# name 26 = sal11: Salinity, Practical, 2 [PSU]
# name 27 = sigma-é00: Density [sigma-theta, kg/m^3]
# name 28 = sigma-é11: Density, 2 [sigma-theta, kg/m^3]
# name 29 = sbeox0Mg/L: Oxygen, SBE 43 [mg/l], WS = 2
# name 30 = sbeox0Mm/L: Oxygen, SBE 43 [umol/l], WS = 2
# name 31 = sbeox1Mg/L: Oxygen, SBE 43, 2 [mg/l], WS = 2
# name 32 = sbeox1Mm/L: Oxygen, SBE 43, 2 [umol/l], WS = 2
# name 33 = oxsolMg/L: Oxygen Saturation, Garcia & Gordon [mg/l]
# name 34 = oxsatMg/L: Oxygen Saturation, Weiss [mg/l]
# name 35 = dm: Dynamic Meters [10 J/kg]
# name 36 = sva: Specific Volume Anomaly [10^-8 * m^3/kg]
# name 37 = T2-T190C: Temperature Difference, 2 - 1 [ITS-90, deg C]
# name 38 = secS-priS: Salinity, Practical, Difference, 2 - 1 [PSU]
# name 39 = flag: flag
# span 0 =          1,     229422       
# span 1 = 1551416593, 1551426152       
# span 2 =      2.452,   1998.375       
# span 3 =     2.9390,    17.9148       
# span 4 =     2.9380,    17.9150       
# span 5 =   3.205388,   4.612928       
# span 6 =   3.205472,   4.613184       
# span 7 =     0.5031,     2.7314       
# span 8 =     4.3773,     4.6496       
# span 9 =     0.6642,     4.3248       
# span 10 =     0.0000,     0.0757      
# span 11 =     0.0623,     0.2808      
# span 12 =     0.0586,     0.9695      
# span 13 =     4.3996,     4.7028      
# span 14 =    -0.0078,     0.0722      
# span 15 =     2.1731,     8.9536      
# span 16 =    10.6629,    58.0842      
# span 17 =    -0.0300,     2.3741      
# span 18 =     0.0080,     4.5624      
# span 19 = 1.0000e-12, 1.0000e-12      
# span 20 =   27.01450,   27.01540      
# span 21 = -111.41196, -111.41032      
# span 22 =      2.436,   1975.793      
# span 23 =     2.7891,    17.9140      
# span 24 =     2.7881,    17.9145      
# span 25 =    34.4156,    35.2816      
# span 26 =    34.3696,    35.2883      
# span 27 =    25.4948,    28.0258      
# span 28 =    25.4957,    27.9422      
# span 29 =    11.6654,    23.9707      
# span 30 =    364.550,    749.095      
# span 31 =    -3.7609,    -1.6142      
# span 32 =   -117.529,    -50.445      
# span 33 =    7.67581,   10.65311      
# span 34 =    7.66448,   10.68503      
# span 35 =     0.0000,     2.1201      
# span 36 =     25.520,    248.746      
# span 37 =    -0.9801,     0.7184      
# span 38 =    -0.4224,     0.4692      
# span 39 = 0.0000e+00, 0.0000e+00      
# interval = seconds: 0.0416667
# start_time = Mar 01 2019 05:03:12 [NMEA time, first data scan]
# bad_flag = -9.990e-29
*END*
[from data line 146]
        147 1551416599     13.267    17.9063    17.9060   4.612010   4.612422     2.7057     4.4713     2.9255     0.0000     0.1978     0.0940     4.4713 -3.123e-07     2.2109    57.5385     1.4608     0.1851 1.0000e-12   27.01492 -111.41082     13.179    17.9040    17.9037    35.2655    35.2693    25.4991    25.5021    11.9721    374.133    -1.9916    -62.237    7.67706    7.66575     0.0005    247.779    -0.0003     0.0038 0.0000e+00
        148 1551416599     13.267    17.9063    17.9061   4.611987   4.612409     2.7057     4.4713     2.9414     0.0000     0.1978     0.0940     4.4713 -3.136e-07     2.2109    57.5385     1.4608     0.1851 1.0000e-12   27.01492 -111.41082     13.179    17.9040    17.9038    35.2653    35.2691    25.4989    25.5019    11.9734    374.175    -1.9916    -62.237    7.67707    7.66576     0.0005    247.794    -0.0002     0.0038 0.0000e+00
        149 1551416599     13.267    17.9063    17.9061   4.611987   4.612409     2.7057     4.4713     2.9719     0.0000     0.1978     0.0940     4.4713 -3.148e-07     2.2109    57.5385     1.4608     0.1851 1.0000e-12   27.01492 -111.41082     13.179    17.9040    17.9038    35.2653    35.2691    25.4989    25.5019    11.9747    374.215    -1.9916    -62.237    7.67707    7.66576     0.0005    247.794    -0.0002     0.0038 0.0000e+00
        150 1551416599     13.267    17.9061    17.9061   4.611987   4.612409     2.7057     4.4713     3.0098     0.0000     0.1978     0.0940     4.4713 -3.161e-07     2.2109    57.5385     1.4608     0.1851 1.0000e-12   27.01492 -111.41082     13.179    17.9038    17.9038    35.2655    35.2691    25.4991    25.5019    11.9760    374.256    -1.9916    -62.237    7.67709    7.66578     0.0005    247.776     0.0000     0.0036 0.0000e+00
        151 1551416599     13.267    17.9061    17.9061   4.611965   4.612409     2.7045     4.4713     3.0305     0.0000     0.1978     0.0940     4.4713 -3.174e-07     2.2127    57.5125     1.4608     0.1851 1.0000e-12   27.01492 -111.41082     13.179    17.9038    17.9038    35.2653    35.2691    25.4990    25.5019    11.9773    374.296    -1.9916    -62.237    7.67710    7.66579     0.0005    247.790     0.0000     0.0038 0.0000e+00
        152 1551416599     13.267    17.9056    17.9061   4.611859   4.612402     2.7045     4.4713     3.0305     0.0000     0.1978     0.0928     4.4713 -3.187e-07     2.2127    57.5125     1.4608     0.1790 1.0000e-12   27.01492 -111.41082     13.179    17.9033    17.9038    35.2648    35.2690    25.4987    25.5018    11.9787    374.341    -1.9916    -62.237    7.67719    7.66588     0.0005    247.813     0.0005     0.0042 0.0000e+00
        153 1551416599     13.267    17.9046    17.9061   4.611848   4.612395     2.7045     4.4713     3.0305     0.0000     0.1990     0.0842     4.4713 -3.200e-07     2.2127    57.5125     1.4743     0.1362 1.0000e-12   27.01492 -111.41082     13.179    17.9023    17.9038    35.2656    35.2690    25.4996    25.5018    11.9801    374.385    -1.9916    -62.237    7.67730    7.66599     0.0005    247.733     0.0015     0.0034 0.0000e+00
        154 1551416599     13.267    17.9046    17.9061   4.611848   4.612387     2.7045     4.4713     3.0305     0.0000     0.2002     0.0794     4.4713 -3.213e-07     2.2127    57.5125     1.4877     0.1118 1.0000e-12   27.01492 -111.41082     13.179    17.9023    17.9038    35.2656    35.2689    25.4996    25.5017    11.9814    374.424    -1.9916    -62.237    7.67730    7.66599     0.0005    247.733     0.0015     0.0033 0.0000e+00
        155 1551416599     13.267    17.9046    17.9060   4.611848   4.612386     2.7045     4.4750     3.0305     0.0000     0.2002     0.0794     4.4750 -3.226e-07     2.2127    57.5125     1.4877     0.1118 1.0000e-12   27.01492 -111.41082     13.179    17.9023    17.9037    35.2656    35.2690    25.4996    25.5018    11.9937    374.809    -1.9916    -62.237    7.67730    7.66599     0.0005    247.733     0.0014     0.0034 0.0000e+00
        156 1551416599     13.267    17.9046    17.9060   4.611848   4.612379     2.7045     4.4786     3.0256     0.0000     0.2002     0.0794     4.4786 -3.239e-07     2.2127    57.5125     1.4877     0.1118 1.0000e-12   27.01492 -111.41082     13.179    17.9023    17.9037    35.2656    35.2689    25.4996    25.5018    12.0058    375.185    -1.9916    -62.237    7.67730    7.66599     0.0005    247.733     0.0014     0.0033 0.0000e+00
        157 1551416599     13.267    17.9046    17.9059   4.611848   4.612379     2.7033     4.4786     3.0195     0.0000     0.2002     0.0794     4.4786 -3.252e-07     2.2145    57.4865     1.4877     0.1118 1.0000e-12   27.01492 -111.41082     13.179    17.9023    17.9036    35.2656    35.2690    25.4996    25.5019    12.0070    375.223    -1.9916    -62.237    7.67730    7.66599     0.0005    247.733     0.0013     0.0034 0.0000e+00
        158 1551416599     13.267    17.9053    17.9059   4.611866   4.612386     2.7033     4.4786     3.0134     0.0000     0.2002     0.0794     4.4786 -3.265e-07     2.2145    57.4865     1.4877     0.1118 1.0000e-12   27.01492 -111.41082     13.179    17.9030    17.9036    35.2651    35.2691    25.4991    25.5019    12.0080    375.256    -1.9916    -62.237    7.67722    7.66591     0.0005    247.783     0.0006     0.0039 0.0000e+00
        159 1551416599     13.267    17.9054    17.9058   4.611896   4.612386     2.7033     4.4786     3.0122     0.0000     0.2002     0.0794     4.4786 -3.278e-07     2.2145    57.4865     1.4877     0.1118 1.0000e-12   27.01492 -111.41082     13.179    17.9031    17.9035    35.2653    35.2691    25.4992    25.5020    12.0089    375.283    -1.9916    -62.237    7.67720    7.66589     0.0005    247.773     0.0004     0.0039 0.0000e+00
        160 1551416599     13.267    17.9054    17.9058   4.611896   4.612379     2.7033     4.4786     3.0098     0.0000     0.2002     0.0794     4.4786 -3.291e-07     2.2145    57.4865     1.4877     0.1118 1.0000e-12   27.01492 -111.41082     13.179    17.9031    17.9035    35.2653    35.2691    25.4992    25.5020    12.0088    375.281    -1.9916    -62.237    7.67720    7.66589     0.0005    247.773     0.0004     0.0038 0.0000e+00
        161 1551416599     13.267    17.9054    17.9057   4.611896   4.612379     2.7033     4.4786     3.0098     0.0000     0.2002     0.0794     4.4786 -3.304e-07     2.2145    57.4865     1.4877     0.1118 1.0000e-12   27.01492 -111.41082     13.179    17.9031    17.9034    35.2653    35.2692    25.4992    25.5021    12.0084    375.269    -1.9916    -62.237    7.67720    7.66589     0.0005    247.773     0.0003     0.0039 0.0000e+00
        162 1551416599     13.267    17.9054    17.9058   4.611896   4.612386     2.7033     4.4786     3.0061     0.0000     0.2002     0.0794     4.4786 -3.317e-07     2.2145    57.4865     1.4877     0.1118 1.0000e-12   27.01492 -111.41082     13.179    17.9031    17.9035    35.2653    35.2691    25.4992    25.5020    12.0080    375.255    -1.9916    -62.237    7.67720    7.66589     0.0005    247.773     0.0004     0.0039 0.0000e+00
        163 1551416599     13.267    17.9054    17.9058   4.611866   4.612379     2.7033     4.4786     3.0049     0.0000     0.2002     0.0794     4.4786 -3.330e-07     2.2145    57.4865     1.4877     0.1118 1.0000e-12   27.01492 -111.41082     13.179    17.9031    17.9035    35.2650    35.2691    25.4990    25.5020    12.0075    375.238    -1.9916    -62.237    7.67721    7.66590     0.0005    247.791     0.0004     0.0041 0.0000e+00
        164 1551416599     13.267    17.9053    17.9057   4.611859   4.612379     2.7033     4.4786     3.0012     0.0000     0.2002     0.0794     4.4786 -3.343e-07     2.2145    57.4865     1.4877     0.1118 1.0000e-12   27.01492 -111.41082     13.179    17.9030    17.9034    35.2651    35.2692    25.4990    25.5021    12.0069    375.220    -1.9916    -62.237    7.67723    7.66591     0.0005    247.787     0.0004     0.0041 0.0000e+00
        165 1551416599     13.267    17.9053    17.9057   4.611859   4.612379     2.7021     4.4786     2.9939     0.0000     0.2002     0.0794     4.4786 -3.356e-07     2.2163    57.4605     1.4877     0.1118 1.0000e-12   27.01492 -111.41082     13.179    17.9030    17.9034    35.2651    35.2692    25.4990    25.5021    12.0062    375.199    -1.9916    -62.237    7.67723    7.66591     0.0005    247.787     0.0004     0.0041 0.0000e+00
        166 1551416599     13.267    17.9054    17.9057   4.611859   4.612358     2.7021     4.4786     2.9915     0.0000     0.2002     0.0794     4.4786 -3.369e-07     2.2163    57.4605     1.4877     0.1118 1.0000e-12   27.01492 -111.41082     13.179    17.9031    17.9034    35.2650    35.2690    25.4989    25.5019    12.0054    375.175    -1.9916    -62.237    7.67721    7.66590     0.0005    247.796     0.0003     0.0040 0.0000e+00
        167 1551416600     13.267    17.9054    17.9057   4.611859   4.612350     2.7021     4.4786     2.9866     0.0000     0.2002     0.0794     4.4786 -3.382e-07     2.2163    57.4605     1.4877     0.1118 1.0000e-12   27.01492 -111.41082     13.179    17.9031    17.9034    35.2650    35.2689    25.4989    25.5019    12.0046    375.150    -1.9916    -62.237    7.67721    7.66590     0.0005    247.796     0.0003     0.0040 0.0000e+00
        168 1551416600     13.267    17.9054    17.9057   4.611859   4.612314     2.7021     4.4786     2.9780     0.0000     0.2002     0.0794     4.4786 -3.394e-07     2.2163    57.4605     1.4877     0.1118 1.0000e-12   27.01492 -111.41082     13.179    17.9031    17.9034    35.2650    35.2686    25.4989    25.5016    12.0037    375.122    -1.9916    -62.238    7.67721    7.66590     0.0005    247.796     0.0003     0.0036 0.0000e+00
        169 1551416600     13.267    17.9054    17.9053   4.611888   4.612255     2.7021     4.4786     2.9707     0.0000     0.2002     0.0794     4.4786 -3.407e-07     2.2163    57.4605     1.4877     0.1118 1.0000e-12   27.01492 -111.41082     13.179    17.9031    17.9030    35.2652    35.2684    25.4991    25.5016    12.0027    375.091    -1.9916    -62.238    7.67720    7.66589     0.0005    247.778    -0.0001     0.0032 0.0000e+00
        170 1551416600     13.267    17.9056    17.9052   4.611889   4.612255     2.7021     4.4786     2.9609     0.0000     0.2002     0.0794     4.4786 -3.420e-07     2.2163    57.4605     1.4877     0.1118 1.0000e-12   27.01492 -111.41082     13.179    17.9033    17.9029    35.2650    35.2685    25.4989    25.5017    12.0014    375.049    -1.9916    -62.238    7.67718    7.66587     0.0005    247.794    -0.0004     0.0035 0.0000e+00
        171 1551416600     13.267    17.9056    17.9048   4.611919   4.612225     2.7021     4.4786     2.9512     0.0000     0.2002     0.0794     4.4786 -3.433e-07     2.2163    57.4605     1.4877     0.1118 1.0000e-12   27.01492 -111.41082     13.179    17.9033    17.9025    35.2653    35.2686    25.4991    25.5019    11.9997    374.997    -1.9916    -62.239    7.67717    7.66586     0.0005    247.776    -0.0008     0.0033 0.0000e+00
        172 1551416600     13.267    17.9056    17.9047   4.611934   4.612218     2.7021     4.4786     2.9402     0.0000     0.2002     0.0794     4.4786 -3.446e-07     2.2163    57.4605     1.4877     0.1118 1.0000e-12   27.01492 -111.41082     13.179    17.9033    17.9024    35.2654    35.2686    25.4992    25.5019    11.9975    374.926    -1.9916    -62.239    7.67716    7.66585     0.0005    247.766    -0.0009     0.0032 0.0000e+00
        173 1551416600     13.267    17.9056    17.9047   4.611934   4.612218     2.7021     4.4786     2.9316     0.0000     0.2002     0.0794     4.4786 -3.459e-07     2.2163    57.4605     1.4877     0.1118 1.0000e-12   27.01492 -111.41082     13.179    17.9033    17.9024    35.2654    35.2686    25.4992    25.5019    11.9949    374.845    -1.9916    -62.239    7.67716    7.66585     0.0005    247.766    -0.0009     0.0032 0.0000e+00
        174 1551416600     13.267    17.9056    17.9047   4.611934   4.612204     2.7033     4.4786     2.9182     0.0000     0.2002     0.0794     4.4786 -3.472e-07     2.2145    57.4865     1.4877     0.1118 1.0000e-12   27.01492 -111.41082     13.179    17.9033    17.9024    35.2654    35.2685    25.4992    25.5018    11.9923    374.763    -1.9916    -62.239    7.67716    7.66585     0.0005    247.766    -0.0009     0.0031 0.0000e+00
        175 1551416600     13.268    17.9056    17.9047   4.611919   4.612182     2.7033     4.4786     2.9048     0.0000     0.2002     0.0794     4.4786 -3.485e-07     2.2145    57.4865     1.4877     0.1118 1.0000e-12   27.01492 -111.41082     13.180    17.9033    17.9024    35.2653    35.2683    25.4991    25.5017    11.9896    374.682    -1.9916    -62.239    7.67717    7.66586     0.0005    247.776    -0.0009     0.0030 0.0000e+00
        176 1551416600     13.268    17.9056    17.9047   4.611874   4.612189     2.7033     4.4786     2.8950     0.0000     0.2002     0.0794     4.4786 -3.498e-07     2.2145    57.4865     1.4877     0.1118 1.0000e-12   27.01492 -111.41082     13.180    17.9033    17.9024    35.2649    35.2684    25.4988    25.5017    11.9870    374.600    -1.9916    -62.239    7.67719    7.66588     0.0005    247.804    -0.0009     0.0035 0.0000e+00
        177 1551416600     13.268    17.9056    17.9047   4.611807   4.612204     2.7033     4.4786     2.8926     0.0000     0.2002     0.0794     4.4786 -3.511e-07     2.2145    57.4865     1.4877     0.1118 1.0000e-12   27.01492 -111.41082     13.180    17.9033    17.9024    35.2643    35.2685    25.4984    25.5018    11.9844    374.519    -1.9916    -62.239    7.67721    7.66590     0.0005    247.846    -0.0009     0.0042 0.0000e+00
        178 1551416600     13.268    17.9053    17.9047   4.611806   4.612211     2.7033     4.4786     2.8926     0.0000     0.2002     0.0806     4.4786 -3.524e-07     2.2145    57.4865     1.4877     0.1179 1.0000e-12   27.01492 -111.41082     13.180    17.9030    17.9024    35.2646    35.2686    25.4987    25.5019    11.9818    374.438    -1.9916    -62.239    7.67725    7.66594     0.0005    247.820    -0.0006     0.0040 0.0000e+00
        179 1551416600     13.269    17.9049    17.9047   4.611798   4.612218     2.7033     4.4786     2.8889     0.0000     0.2015     0.0806     4.4786 -3.537e-07     2.2145    57.4865     1.5011     0.1179 1.0000e-12   27.01492 -111.41082     13.181    17.9026    17.9024    35.2649    35.2686    25.4990    25.5019    11.9793    374.357    -1.9916    -62.239    7.67729    7.66598     0.0005    247.791    -0.0002     0.0038 0.0000e+00
        180 1551416600     13.269    17.9048    17.9047   4.611798   4.612218     2.7033     4.4786     2.8828     0.0000     0.2015     0.0818     4.4786 -3.549e-07     2.2145    57.4865     1.5011     0.1240 1.0000e-12   27.01492 -111.41082     13.181    17.9025    17.9024    35.2650    35.2686    25.4991    25.5019    11.9775    374.302    -1.9916    -62.239    7.67730    7.66599     0.0005    247.782    -0.0001     0.0037 0.0000e+00
        181 1551416600     13.270    17.9048    17.9047   4.611798   4.612232     2.7033     4.4786     2.8828     0.0000     0.2015     0.0818     4.4786 -3.562e-07     2.2145    57.4865     1.5011     0.1240 1.0000e-12   27.01492 -111.41082     13.182    17.9025    17.9024    35.2650    35.2688    25.4991    25.5020    11.9766    374.275    -1.9916    -62.239    7.67730    7.66599     0.0005    247.782    -0.0001     0.0038 0.0000e+00
