usecases/818993_seabirdCTD/orig/head/FK190211_CTD004_01032019.cnv
* Sea-Bird SBE 9 Data File:
* FileName = E:\2019 Cruise Data\FK190211\CTD\FK190211_CTD003_01032019.hex
* Software Version Seasave V 7.26.6.26
* Temperature SN = 5483
* Conductivity SN = 3916
* Number of Bytes Per Scan = 45
* Number of Voltage Words = 4
* Number of Scans Averaged by the Deck Unit = 1
* NMEA Latitude = 27 00.90 N
* NMEA Longitude = 111 24.65 W
* NMEA UTC (Time) = Mar 01 2019 05:03:11
* NMEA baud rate = 4800
** Ship: RV Falkor
** Station: CTD_003 (science event #03.002)
** Operator: VH, JF
** New configuration:
** - altimeter taken off, one "new, out of cal" DO #3280 on (V2) on AUX2, V3 is now free.
** - transmissometer now (V0) and "new, out of cal" DO #2331 on (V1) on AUX1
** Two USBL beacons attached: X2 and W2
# nquan = 40                                
# nvalues = 229422                      
# units = specified
# name 0 = scan: Scan Count
# name 1 = timeY: Time, System [seconds]
# name 2 = prDM: Pressure, Digiquartz [db]
# name 3 = t090C: Temperature [ITS-90, deg C]
# name 4 = t190C: Temperature, 2 [ITS-90, deg C]
# name 5 = c0S/m: Conductivity [S/m]
# name 6 = c1S/m: Conductivity, 2 [S/m]
# name 7 = v0: Voltage 0
# name 8 = v1: Voltage 1
# name 9 = v2: Voltage 2
# name 10 = v3: Voltage 3
# name 11 = v4: Voltage 4
# name 12 = v5: Voltage 5
# name 13 = sbeox0V: Oxygen raw, SBE 43 [V]
# name 14 = sbeox1V: Oxygen raw, SBE 43, 2 [V]
# name 15 = CStarAt0: Beam Attenuation, WET Labs C-Star [1/m]
# name 16 = CStarTr0: Beam Transmission, WET Labs C-Star [%]
# name 17 = flECO-AFL: Fluorescence, WET Labs ECO-AFL/FL [mg/m^3]
# name 18 = turbWETntu0: Turbidity, WET Labs ECO [NTU]
# name 19 = par: PAR/Irradiance, Biospherical/Licor
# name 20 = latitude: Latitude [deg]
# name 21 = longitude: Longitude [deg]
# name 22 = depSM: Depth [salt water, m], lat = 27.015
# name 23 = potemp090C: Potential Temperature [ITS-90, deg C]
# name 24 = potemp190C: Potential Temperature, 2 [ITS-90, deg C]
# name 25 = sal00: Salinity, Practical [PSU]
# name 26 = sal11: Salinity, Practical, 2 [PSU]
# name 27 = sigma-é00: Density [sigma-theta, kg/m^3]
# name 28 = sigma-é11: Density, 2 [sigma-theta, kg/m^3]
# name 29 = sbeox0Mg/L: Oxygen, SBE 43 [mg/l], WS = 2
# name 30 = sbeox0Mm/L: Oxygen, SBE 43 [umol/l], WS = 2
# name 31 = sbeox1Mg/L: Oxygen, SBE 43, 2 [mg/l], WS = 2
# name 32 = sbeox1Mm/L: Oxygen, SBE 43, 2 [umol/l], WS = 2
# name 33 = oxsolMg/L: Oxygen Saturation, Garcia & Gordon [mg/l]
# name 34 = oxsatMg/L: Oxygen Saturation, Weiss [mg/l]
# name 35 = dm: Dynamic Meters [10 J/kg]
# name 36 = sva: Specific Volume Anomaly [10^-8 * m^3/kg]
# name 37 = T2-T190C: Temperature Difference, 2 - 1 [ITS-90, deg C]
# name 38 = secS-priS: Salinity, Practical, Difference, 2 - 1 [PSU]
# name 39 = flag: flag
# span 0 =          1,     229422       
# span 1 = 1551416593, 1551426152       
# span 2 =      2.452,   1998.375       
# span 3 =     2.9390,    17.9148       
# span 4 =     2.9380,    17.9150       
# span 5 =   3.205388,   4.612928       
# span 6 =   3.205472,   4.613184       
# span 7 =     0.5031,     2.7314       
# span 8 =     4.3773,     4.6496       
# span 9 =     0.6642,     4.3248       
# span 10 =     0.0000,     0.0757      
# span 11 =     0.0623,     0.2808      
# span 12 =     0.0586,     0.9695      
# span 13 =     4.3996,     4.7028      
# span 14 =    -0.0078,     0.0722      
# span 15 =     2.1731,     8.9536      
# span 16 =    10.6629,    58.0842      
# span 17 =    -0.0300,     2.3741      
# span 18 =     0.0080,     4.5624      
# span 19 = 1.0000e-12, 1.0000e-12      
# span 20 =   27.01450,   27.01540      
# span 21 = -111.41196, -111.41032      
# span 22 =      2.436,   1975.793      
# span 23 =     2.7891,    17.9140      
# span 24 =     2.7881,    17.9145      
# span 25 =    34.4156,    35.2816      
# span 26 =    34.3696,    35.2883      
# span 27 =    25.4948,    28.0258      
# span 28 =    25.4957,    27.9422      
# span 29 =    11.6654,    23.9707      
# span 30 =    364.550,    749.095      
# span 31 =    -3.7609,    -1.6142      
# span 32 =   -117.529,    -50.445      
# span 33 =    7.67581,   10.65311      
# span 34 =    7.66448,   10.68503      
# span 35 =     0.0000,     2.1201      
# span 36 =     25.520,    248.746      
# span 37 =    -0.9801,     0.7184      
# span 38 =    -0.4224,     0.4692      
# span 39 = 0.0000e+00, 0.0000e+00      
# interval = seconds: 0.0416667
# start_time = Mar 01 2019 05:03:12 [NMEA time, first data scan]
# bad_flag = -9.990e-29
*END*
[from data line 472]
        473 1551416612     13.377    17.9053    17.9050   4.611885   4.612301     2.7070     4.4750     2.8718     0.0000     0.2186     0.0794     4.4750 -7.336e-07     2.2091    57.5645     1.6892     0.1118 1.0000e-12   27.01492 -111.41080     13.289    17.9030    17.9027    35.2652    35.2691    25.4992    25.5022    11.9991    374.978    -1.9916    -62.239    7.67722    7.66591     0.0011    247.778    -0.0003     0.0038 0.0000e+00
        474 1551416612     13.381    17.9053    17.9050   4.611885   4.612301     2.7070     4.4750     2.8950     0.0000     0.2186     0.0794     4.4750 -7.349e-07     2.2091    57.5645     1.6892     0.1118 1.0000e-12   27.01492 -111.41080     13.293    17.9030    17.9027    35.2652    35.2691    25.4992    25.5022    11.9999    375.001    -1.9916    -62.239    7.67722    7.66591     0.0011    247.778    -0.0003     0.0038 0.0000e+00
        475 1551416612     13.385    17.9053    17.9050   4.611885   4.612301     2.7070     4.4750     2.9145     0.0000     0.2186     0.0794     4.4750 -7.362e-07     2.2091    57.5645     1.6892     0.1118 1.0000e-12   27.01492 -111.41080     13.297    17.9030    17.9027    35.2652    35.2691    25.4991    25.5022    11.9994    374.987    -1.9916    -62.239    7.67722    7.66591     0.0011    247.778    -0.0003     0.0038 0.0000e+00
        476 1551416612     13.389    17.9053    17.9050   4.611900   4.612265     2.7070     4.4750     2.9145     0.0000     0.2186     0.0794     4.4750 -7.375e-07     2.2091    57.5645     1.6892     0.1118 1.0000e-12   27.01492 -111.41080     13.301    17.9030    17.9027    35.2654    35.2687    25.4992    25.5019    11.9987    374.965    -1.9916    -62.239    7.67721    7.66590     0.0011    247.769    -0.0003     0.0034 0.0000e+00
        477 1551416612     13.392    17.9053    17.9050   4.611907   4.612265     2.7070     4.4750     2.9145     0.0000     0.2186     0.0794     4.4750 -7.387e-07     2.2091    57.5645     1.6892     0.1118 1.0000e-12   27.01492 -111.41080     13.303    17.9030    17.9027    35.2654    35.2687    25.4993    25.5019    11.9981    374.945    -1.9916    -62.239    7.67721    7.66590     0.0011    247.765    -0.0003     0.0033 0.0000e+00
        478 1551416612     13.395    17.9053    17.9050   4.611907   4.612265     2.7070     4.4786     2.9145     0.0000     0.2186     0.0794     4.4786 -7.400e-07     2.2091    57.5645     1.6892     0.1118 1.0000e-12   27.01492 -111.41080     13.306    17.9030    17.9027    35.2654    35.2687    25.4993    25.5019    12.0083    375.263    -1.9916    -62.239    7.67721    7.66590     0.0011    247.765    -0.0003     0.0033 0.0000e+00
        479 1551416613     13.398    17.9053    17.9050   4.611907   4.612265     2.7070     4.4860     2.9145     0.0000     0.2186     0.0794     4.4860 -7.413e-07     2.2091    57.5645     1.6892     0.1118 1.0000e-12   27.01492 -111.41080     13.309    17.9030    17.9027    35.2654    35.2687    25.4993    25.5019    12.0299    375.940    -1.9916    -62.239    7.67721    7.66590     0.0011    247.765    -0.0003     0.0033 0.0000e+00
        480 1551416613     13.400    17.9053    17.9050   4.611907   4.612265     2.7070     4.4860     2.9072     0.0000     0.2186     0.0794     4.4860 -7.426e-07     2.2091    57.5645     1.6892     0.1118 1.0000e-12   27.01492 -111.41080     13.311    17.9030    17.9027    35.2654    35.2687    25.4993    25.5019    12.0294    375.922    -1.9916    -62.239    7.67721    7.66590     0.0011    247.765    -0.0003     0.0033 0.0000e+00
        481 1551416613     13.401    17.9053    17.9050   4.611907   4.612301     2.7070     4.4860     2.8987     0.0000     0.2186     0.0781     4.4860 -7.438e-07     2.2091    57.5645     1.6892     0.1057 1.0000e-12   27.01492 -111.41078     13.312    17.9030    17.9027    35.2654    35.2691    25.4993    25.5022    12.0288    375.906    -1.9916    -62.239    7.67721    7.66590     0.0011    247.765    -0.0003     0.0036 0.0000e+00
        482 1551416613     13.402    17.9053    17.9050   4.611907   4.612301     2.7070     4.4860     2.8913     0.0000     0.2173     0.0781     4.4860 -7.451e-07     2.2091    57.5645     1.6757     0.1057 1.0000e-12   27.01492 -111.41078     13.313    17.9030    17.9027    35.2654    35.2690    25.4993    25.5022    12.0284    375.891    -1.9916    -62.239    7.67721    7.66590     0.0011    247.765    -0.0003     0.0036 0.0000e+00
        483 1551416613     13.403    17.9053    17.9050   4.611907   4.612301     2.7070     4.4872     2.8864     0.0000     0.2173     0.0781     4.4872 -7.464e-07     2.2091    57.5645     1.6757     0.1057 1.0000e-12   27.01492 -111.41078     13.314    17.9030    17.9027    35.2654    35.2690    25.4993    25.5022    12.0306    375.962    -1.9916    -62.239    7.67721    7.66590     0.0011    247.765    -0.0003     0.0036 0.0000e+00
        484 1551416613     13.404    17.9053    17.9050   4.611907   4.612301     2.7070     4.4872     2.8828     0.0000     0.2149     0.0781     4.4872 -7.477e-07     2.2091    57.5645     1.6489     0.1057 1.0000e-12   27.01492 -111.41078     13.315    17.9030    17.9027    35.2654    35.2690    25.4993    25.5022    12.0287    375.901    -1.9916    -62.239    7.67721    7.66590     0.0011    247.765    -0.0003     0.0036 0.0000e+00
        485 1551416613     13.404    17.9053    17.9050   4.611907   4.612301     2.7070     4.4872     2.8816     0.0000     0.2051     0.0769     4.4872 -7.489e-07     2.2091    57.5645     1.5414     0.0996 1.0000e-12   27.01492 -111.41078     13.315    17.9030    17.9027    35.2654    35.2690    25.4993    25.5022    12.0267    375.840    -1.9916    -62.239    7.67721    7.66590     0.0011    247.765    -0.0003     0.0036 0.0000e+00
        486 1551416613     13.405    17.9051    17.9050   4.611847   4.612301     2.7070     4.4872     2.8791     0.0000     0.2015     0.0769     4.4872 -7.502e-07     2.2091    57.5645     1.5011     0.0996 1.0000e-12   27.01492 -111.41078     13.316    17.9028    17.9027    35.2651    35.2690    25.4991    25.5022    12.0248    375.780    -1.9916    -62.239    7.67725    7.66594     0.0011    247.786    -0.0001     0.0040 0.0000e+00
        487 1551416613     13.406    17.9051    17.9050   4.611765   4.612301     2.7082     4.4872     2.8767     0.0000     0.2015     0.0769     4.4872 -7.515e-07     2.2073    57.5905     1.5011     0.0996 1.0000e-12   27.01492 -111.41078     13.317    17.9028    17.9027    35.2644    35.2690    25.4985    25.5021    12.0229    375.719    -1.9916    -62.239    7.67729    7.66598     0.0011    247.837    -0.0001     0.0047 0.0000e+00
        488 1551416613     13.406    17.9048    17.9050   4.611749   4.612301     2.7082     4.4872     2.8718     0.0000     0.2015     0.0769     4.4872 -7.528e-07     2.2073    57.5905     1.5011     0.0996 1.0000e-12   27.01492 -111.41078     13.317    17.9025    17.9027    35.2645    35.2690    25.4987    25.5021    12.0209    375.658    -1.9916    -62.239    7.67732    7.66601     0.0011    247.821     0.0002     0.0046 0.0000e+00
        489 1551416613     13.407    17.9048    17.9050   4.611749   4.612301     2.7082     4.4872     2.8669     0.0000     0.2015     0.0769     4.4872 -7.540e-07     2.2073    57.5905     1.5011     0.0996 1.0000e-12   27.01492 -111.41078     13.318    17.9025    17.9027    35.2645    35.2690    25.4987    25.5021    12.0188    375.594    -1.9916    -62.239    7.67732    7.66601     0.0011    247.821     0.0002     0.0046 0.0000e+00
        490 1551416613     13.408    17.9044    17.9050   4.611733   4.612280     2.7082     4.4872     2.8596     0.0000     0.2015     0.0769     4.4872 -7.553e-07     2.2073    57.5905     1.5011     0.0996 1.0000e-12   27.01492 -111.41078     13.319    17.9021    17.9027    35.2647    35.2689    25.4990    25.5020    12.0168    375.531    -1.9916    -62.239    7.67737    7.66606     0.0011    247.797     0.0006     0.0042 0.0000e+00
        491 1551416613     13.410    17.9044    17.9050   4.611733   4.612280     2.7082     4.4872     2.8498     0.0000     0.2015     0.0769     4.4872 -7.566e-07     2.2073    57.5905     1.5011     0.0996 1.0000e-12   27.01492 -111.41078     13.321    17.9021    17.9027    35.2647    35.2689    25.4990    25.5020    12.0147    375.466    -1.9916    -62.239    7.67737    7.66606     0.0012    247.797     0.0006     0.0042 0.0000e+00
        492 1551416613     13.411    17.9044    17.9049   4.611733   4.612265     2.7082     4.4872     2.8352     0.0000     0.2015     0.0769     4.4872 -7.579e-07     2.2073    57.5905     1.5011     0.0996 1.0000e-12   27.01492 -111.41078     13.322    17.9021    17.9026    35.2647    35.2688    25.4990    25.5020    12.0126    375.400    -1.9916    -62.240    7.67737    7.66606     0.0012    247.797     0.0005     0.0041 0.0000e+00
        493 1551416613     13.414    17.9043    17.9049   4.611733   4.612265     2.7082     4.4860     2.8181     0.0000     0.2015     0.0769     4.4860 -7.591e-07     2.2073    57.5905     1.5011     0.0996 1.0000e-12   27.01492 -111.41078     13.325    17.9020    17.9026    35.2648    35.2688    25.4991    25.5020    12.0069    375.221    -1.9916    -62.240    7.67738    7.66607     0.0012    247.788     0.0006     0.0040 0.0000e+00
        494 1551416613     13.416    17.9043    17.9048   4.611725   4.612265     2.7082     4.4860     2.8010     0.0000     0.2015     0.0769     4.4860 -7.604e-07     2.2073    57.5905     1.5011     0.0996 1.0000e-12   27.01492 -111.41078     13.327    17.9020    17.9025    35.2647    35.2689    25.4990    25.5021    12.0047    375.153    -1.9916    -62.240    7.67739    7.66608     0.0012    247.793     0.0005     0.0042 0.0000e+00
        495 1551416613     13.420    17.9043    17.9047   4.611725   4.612264     2.7082     4.4860     2.7961     0.0000     0.2015     0.0769     4.4860 -7.617e-07     2.2073    57.5905     1.5011     0.0996 1.0000e-12   27.01492 -111.41078     13.331    17.9020    17.9024    35.2647    35.2690    25.4990    25.5022    12.0031    375.103    -1.9916    -62.240    7.67739    7.66608     0.0012    247.794     0.0004     0.0043 0.0000e+00
        496 1551416613     13.425    17.9043    17.9047   4.611725   4.612257     2.7082     4.4860     2.7949     0.0000     0.2015     0.0769     4.4860 -7.630e-07     2.2073    57.5905     1.5011     0.0996 1.0000e-12   27.01492 -111.41078     13.336    17.9020    17.9024    35.2647    35.2689    25.4990    25.5021    12.0015    375.051    -1.9917    -62.240    7.67739    7.66608     0.0012    247.794     0.0004     0.0042 0.0000e+00
        497 1551416613     13.430    17.9041    17.9048   4.611724   4.612244     2.7070     4.4860     2.7949     0.0000     0.2015     0.0769     4.4860 -7.643e-07     2.2091    57.5645     1.5011     0.0996 1.0000e-12   27.01492 -111.41078     13.341    17.9018    17.9025    35.2649    35.2687    25.4992    25.5020    11.9998    374.999    -1.9916    -62.240    7.67741    7.66610     0.0012    247.778     0.0007     0.0039 0.0000e+00
        498 1551416613     13.436    17.9041    17.9047   4.611724   4.612257     2.7070     4.4835     2.7949     0.0000     0.2015     0.0769     4.4835 -7.655e-07     2.2091    57.5645     1.5011     0.0996 1.0000e-12   27.01492 -111.41078     13.347    17.9018    17.9024    35.2649    35.2689    25.4992    25.5021    11.9906    374.710    -1.9917    -62.240    7.67741    7.66610     0.0012    247.778     0.0006     0.0041 0.0000e+00
        499 1551416613     13.440    17.9041    17.9047   4.611725   4.612257     2.7082     4.4786     2.7949     0.0000     0.2015     0.0769     4.4786 -7.668e-07     2.2073    57.5905     1.5011     0.0996 1.0000e-12   27.01492 -111.41078     13.351    17.9018    17.9024    35.2649    35.2689    25.4992    25.5021    11.9740    374.194    -1.9917    -62.240    7.67741    7.66610     0.0012    247.778     0.0006     0.0040 0.0000e+00
        500 1551416613     13.444    17.9041    17.9047   4.611725   4.612257     2.7082     4.4774     2.7949     0.0000     0.2015     0.0769     4.4774 -7.681e-07     2.2073    57.5905     1.5011     0.0996 1.0000e-12   27.01492 -111.41078     13.355    17.9018    17.9024    35.2649    35.2689    25.4992    25.5021    11.9686    374.024    -1.9917    -62.240    7.67741    7.66610     0.0012    247.778     0.0006     0.0040 0.0000e+00
        501 1551416613     13.446    17.9041    17.9047   4.611733   4.612264     2.7070     4.4774     2.7949     0.0000     0.2015     0.0769     4.4774 -7.694e-07     2.2091    57.5645     1.5011     0.0996 1.0000e-12   27.01492 -111.41078     13.357    17.9018    17.9024    35.2649    35.2690    25.4992    25.5022    11.9667    373.965    -1.9917    -62.240    7.67740    7.66610     0.0012    247.773     0.0006     0.0040 0.0000e+00
        502 1551416613     13.448    17.9041    17.9046   4.611748   4.612257     2.7082     4.4774     2.7949     0.0000     0.2015     0.0769     4.4774 -7.707e-07     2.2073    57.5905     1.5011     0.0996 1.0000e-12   27.01492 -111.41078     13.359    17.9018    17.9023    35.2651    35.2690    25.4993    25.5022    11.9648    373.904    -1.9917    -62.240    7.67740    7.66609     0.0012    247.764     0.0005     0.0039 0.0000e+00
        503 1551416614     13.450    17.9043    17.9046   4.611807   4.612257     2.7082     4.4774     2.8132     0.0000     0.2015     0.0769     4.4774 -7.719e-07     2.2073    57.5905     1.5011     0.0996 1.0000e-12   27.01492 -111.41078     13.361    17.9020    17.9023    35.2654    35.2690    25.4995    25.5022    11.9636    373.867    -1.9917    -62.240    7.67735    7.66605     0.0013    247.744     0.0003     0.0036 0.0000e+00
        504 1551416614     13.451    17.9044    17.9046   4.611853   4.612257     2.7082     4.4774     2.8400     0.0000     0.2015     0.0769     4.4774 -7.732e-07     2.2073    57.5905     1.5011     0.0996 1.0000e-12   27.01492 -111.41078     13.362    17.9021    17.9023    35.2657    35.2690    25.4997    25.5022    11.9642    373.887    -1.9917    -62.240    7.67733    7.66602     0.0013    247.724     0.0002     0.0033 0.0000e+00
        505 1551416614     13.452    17.9049    17.9046   4.611891   4.612243     2.7082     4.4774     2.8400     0.0000     0.2015     0.0769     4.4774 -7.745e-07     2.2073    57.5905     1.5011     0.0996 1.0000e-12   27.01492 -111.41078     13.363    17.9026    17.9023    35.2656    35.2689    25.4995    25.5021    11.9649    373.907    -1.9917    -62.240    7.67726    7.66595     0.0013    247.744    -0.0003     0.0033 0.0000e+00
        506 1551416614     13.452    17.9053    17.9046   4.611907   4.612235     2.7082     4.4774     2.8400     0.0000     0.2015     0.0769     4.4774 -7.758e-07     2.2073    57.5905     1.5011     0.0996 1.0000e-12   27.01492 -111.41078     13.363    17.9030    17.9023    35.2654    35.2688    25.4993    25.5021    11.9656    373.930    -1.9917    -62.240    7.67721    7.66590     0.0013    247.768    -0.0007     0.0034 0.0000e+00
        507 1551416614     13.453    17.9053    17.9042   4.611915   4.612177     2.7070     4.4774     2.8400     0.0000     0.2015     0.0769     4.4774 -7.771e-07     2.2091    57.5645     1.5011     0.0996 1.0000e-12   27.01492 -111.41078     13.364    17.9030    17.9019    35.2655    35.2687    25.4993    25.5021    11.9664    373.956    -1.9917    -62.241    7.67721    7.66590     0.0013    247.763    -0.0011     0.0032 0.0000e+00
